0.000000000000000000e+00
0.000000000000000000e+00
1.301584829840043284e-02
8.491178301983812737e-01
4.178863288366489043e-02
-3.068613379928403564e-02
4.587351546149850412e-01
3.648683088826483178e-01
1.121632767528030483e-01
5.633507830169407482e-01
1.161291066617064605e+00
8.278597091432770005e-01
3.120072127746881252e-01
9.140381976737614877e-01
1.278398922681809768e+00
7.306343471651544075e-01
1.157163892204628036e-01
-1.723021655173021527e-01
-2.073159332206216954e-01
-1.463214070849057358e-01
2.232147683374565983e-01
9.143172257184697393e-01
8.198409286981338528e-01
3.413445448948040917e-01
4.697737976162960627e-01
8.422526791986351125e-01
5.802349726218312131e-01
2.298241856057311461e-01
1.059514933094473976e+00
1.515210033469669648e+00
8.816971342529988931e-01
2.635898641580872170e-01
4.075958442857585684e-01
4.184165288336890720e-01
1.579407201488162993e-01
2.114542651866846978e-01
7.074180582458549083e-01
6.228623713260579287e-01
2.408365158074449175e-01
6.313004615868482716e-01
1.231236811473814363e+00
8.678593037790209852e-01
3.242018423261438520e-01
1.016153065162954672e+00
1.429615614808163571e+00
8.192780194050739428e-01
1.307589809713802231e-01
-1.982845993102810844e-01
-2.389945199943080134e-01
-1.673239733369327187e-01
-9.076480014270665864e-02
